Num,Ambiente,00:26:5a:66:55:ef,00:27:19:ca:71:d2,06:1e:a2:0a:db:03,06:ad:54:f8:9d:b8,18:0d:2c:7f:eb:ac,18:0d:2c:7f:f5:9c,18:d6:c7:f9:37:2f,24:2f:d0:cc:ed:8c,24:36:da:2b:5e:c0,24:36:da:2b:5e:c2,24:36:da:2b:bc:00,24:36:da:2b:bc:02,24:36:da:a2:7f:40,24:36:da:a2:7f:42,24:fd:0d:57:19:26,2c:57:41:cd:e1:c0,2c:57:41:cd:e1:c2,2c:57:41:d4:a5:20,2c:57:41:d4:a5:22,48:51:cf:81:b0:9e,50:c7:bf:ef:56:8a,54:e6:fc:ba:ad:86,54:e6:fc:cf:22:de,58:10:8c:91:f3:aa,60:32:b1:2d:66:c3,64:70:02:99:fe:f4,6e:ac:d9:fb:2c:71,7c:f1:7e:8d:13:22,84:f1:47:54:6b:80,84:f1:47:54:6b:82,84:f1:47:54:71:00,84:f1:47:54:71:02,84:f1:47:54:7f:20,84:f1:47:54:7f:22,84:f1:47:54:7f:60,84:f1:47:54:7f:62,84:f1:47:54:80:60,84:f1:47:54:80:62,84:f1:47:54:81:00,84:f1:47:54:81:02,84:f1:47:54:8b:a0,84:f1:47:54:8b:a2,84:f1:47:54:95:e0,84:f1:47:54:95:e2,84:f1:47:54:96:e0,84:f1:47:54:96:e2,84:f1:47:54:eb:20,84:f1:47:54:eb:22,84:f1:47:54:f9:80,84:f1:47:54:f9:82,84:f1:47:54:fd:60,84:f1:47:54:fd:62,84:f1:47:54:fd:c0,84:f1:47:54:fd:c2,ae:f6:95:5d:17:2e,b8:11:4b:1d:12:00,b8:11:4b:1d:12:02,b8:11:4b:1d:14:80,b8:11:4b:1d:14:82,b8:11:4b:1d:1e:40,b8:11:4b:1d:1e:42,c4:12:f5:d3:01:90,cc:32:e5:0c:fc:2b,d8:0d:17:3e:c3:cb,d8:36:5f:54:70:40,d8:5d:4c:86:7e:66,e4:4e:2d:85:4c:60,e4:4e:2d:85:4c:62,e8:94:f6:b9:2f:46,Total geral
1,LabMedTelecomunicacao,-85,,,,-67,,-74,,,,-79,-79,,,,,,,,-93,-90,,-89,-56,-90,,,-51,-86,-85,,,,,,,,,,,-88,-89,,,-70,-70,,,,-86,,,,,,,,,,,,,-92,,,-86,-73,-73,,-1751
2,LabMedTelecomunicacao,-88,,,,-71,,-81,,,,-80,-80,,,,,,,,,-93,,-92,-58,-87,,,-57,,,,,,,,,,,,,-91,-91,,,-71,-71,,,,-89,,,,,,,,,,,,,,,,-85,-74,-74,,-1433
3,LabMedTelecomunicacao,-87,,,,-75,,-74,,,,-77,-77,,,,,,,,,,,-89,-56,-90,,,-59,,,,,,,,,,,,,-91,-90,,,-72,-72,,,,,,,,,,,,,,,,,,,,-87,-75,-75,,-1246
4,LabMedTelecomunicacao,-88,,,,-73,-65,-74,,,,-77,-77,,,-85,,,,,,,,-96,-58,-86,,,-57,,,,,,,,,,,,,,,,,-77,-77,,,,,,,,,,,,,,,,,,,,-87,-80,-80,,-1237
5,LabMedTelecomunicacao,-87,,,,-78,-63,-77,,,,-79,-78,,,-84,,,,,,-94,,-91,-58,-91,,,-51,-90,-89,,,,,,,,,,,,,,,-76,-76,,,,,,,,,,,,,,,,,,,,-91,-76,-76,,-1505
6,LabAfericaoCalibracao,-88,,,,-66,,-80,,,,-75,-75,,,,,,,,-89,-95,,,-56,-92,,,-49,-79,-79,,,,,,,,,,,-88,-87,,,-56,-57,,,-88,-89,,,,,,,,,,,,,,-88,,-91,-80,-80,-95,-1822
7,LabAfericaoCalibracao,-84,,,,-64,,-74,,,,-73,-73,,,,,,,,-90,,,,-61,-94,,,-53,-77,-77,,,,,,,,,,,-85,-87,,,-58,-58,,,-86,-87,,,,,,,,,,,,,-96,-82,,,-82,-83,-95,-1719
8,LabAfericaoCalibracao,-85,,,,-66,,-73,,,,-71,-70,,,,,,,,-85,-87,,,-59,-91,,,-55,-79,-79,,,,,,,,,,,-86,-85,,,-57,-57,,,-84,-85,,,,,,,,,,,,,,-83,,-93,-80,-80,-92,-1782
9,LabAfericaoCalibracao,-86,,,,-68,-65,-74,,,,-71,-72,,,-81,,,,,-87,-89,,,-59,-91,,,-57,-80,-80,,,,,,,,,,,-86,-87,,,-58,-59,,,-87,-87,,,,,,,,,,,,,,-85,,-95,-83,-82,-94,-1963
10,LabAfericaoCalibracao,-89,,,,-74,-69,-82,,,,-79,-78,,,,,,,,-92,-92,,,-60,,,,-54,-90,-90,,,,,,,,,,,,,,,-59,-59,,,,,,,,,,,,,,,,,,-89,,-93,-82,-83,,-1414
11,LabInstBiomedico,-71,,,,-74,,-64,,-90,-88,-89,-89,,,,,,,,-92,-86,,,-61,-82,,,-66,-86,-86,,,,,,,,,,,-85,-84,,,-77,-77,,,-88,-88,,,,,,,,,,,,,-95,-87,,-93,-81,-82,,-2061
12,LabInstBiomedico,-76,,,,-74,-68,-63,,-89,-89,-83,-82,,,,,,,,,-89,,,-62,-84,,,-66,-87,-86,,,,,,,,,,,-85,-84,,,-76,-76,,,-86,-85,,,,,,,,,,,,,-94,-84,,,-81,-81,,-1930
13,LabInstBiomedico,-74,,,,-76,-71,-62,,-90,-90,-85,-84,,,,,,,,,-85,,,-62,-81,,,-66,-88,-88,,,,,,,,,,,-84,-85,,,-76,-75,,,-87,-87,,,,,,,,,,,,,-95,-87,,-94,-81,-81,,-2034
14,LabInstBiomedico,-77,,,,-69,,-64,,-90,-90,-83,-84,,,,,,,,,-82,,,-64,-82,,,-66,-87,-87,,,,,,,,,,,-86,-85,,,-77,-78,,,-85,-86,,,,,,,,,,,,,,-86,,,-82,-82,-94,-1866
15,LabInstBiomedico,-78,,,,-72,,-62,,-89,-90,-82,-82,,,-87,,,,,,-87,,,-61,-85,,,-66,-86,-85,,,,,,,,,,,-84,-83,,,-75,-75,,,-88,-88,,,,,,,,,,,,,-96,-84,,,-82,-82,,-1949
16,AuditorioEngenhariaEletrica,-70,,,,-81,-77,-61,,-88,-89,,-87,,,-88,,,,,,-71,,,-69,-75,,,-76,-86,-86,,,,,,,,,,,-75,-75,,,-81,-81,,,-75,-74,,,,,,,,,,,,,-89,-85,,,-89,-88,,-1916
17,AuditorioEngenhariaEletrica,-74,,,,-81,-76,-60,,-90,,,-88,,,-91,,,,,,-73,,,-71,-78,,,-72,-89,-89,,,,,,,,,,,-75,-75,,,-83,-83,,-92,-74,-74,,,,,,,,,,,,,-91,-90,,,-89,-89,-94,-2041
18,AuditorioEngenhariaEletrica,-70,,,,-82,,-60,,-89,-88,,-86,,,-84,,,,,-85,-76,,,-68,-75,,,-69,-85,-84,,,,,,,,,,,-73,-73,,,-83,-83,,,-72,-72,,,,,,,,,,,,,-91,-91,,,-88,-88,-95,-2010
19,AuditorioEngenhariaEletrica,-69,,,,-82,,-61,,-89,-89,-87,-87,,,-84,,,,,,-76,,,-71,-74,,,-73,-82,-83,,,,,,,,,,,-74,-74,,,-84,-83,,,-72,-73,,,,,,,,,,,,,-93,-92,,,-89,-89,,-1930
20,AuditorioEngenhariaEletrica,-69,,,,-83,,-60,,-90,-90,-87,-87,,,-86,,,,,-89,-74,,,-70,-75,,,-70,-81,-82,,,,,,,,,,,-75,-75,,,-84,-83,,,-73,-73,,,,,,,,,,,,,-94,-93,,,-88,-89,-94,-2114
21,CoordecaoPosGraduacao,,,,,-71,,-83,,,,-80,-81,,,-69,,,,,-92,-87,,-96,-59,-91,-88,,-66,,,,,,,,,,,,,,,,,,,-87,-88,,,,,,,,,,,,,,,-94,,,-88,-79,-79,,-1478
22,CoordecaoPosGraduacao,,,,,-71,,-82,,,,-79,-79,,,-84,,,,,-86,-91,,-88,-64,-93,-87,,-73,,,,,,,,,,,,,,,,,,,,-87,,,,,,,,,,,,,,,,,,-87,-86,-86,,-1323
23,CoordecaoPosGraduacao,,,,,-70,-73,-85,,,,-84,-85,,,-85,,,,,-88,-88,,-89,-59,-92,-86,,-66,,,,,,,,,,,,,,,,,,,-90,-88,,,,,,,,,,,,,,,,,,-85,-85,-84,,-1482
24,CoordecaoPosGraduacao,,,,,-71,-79,-84,,,,,-89,,,-85,,,,,-90,,,,-59,-93,-87,,-65,,,,,,,,,,,,,,,,,,,,,,,,,,,,,,,,,,,,,,,-81,-81,,-964
25,CoordecaoPosGraduacao,,,,,-70,-73,-82,,,,-84,-83,,,-81,,,,,-90,-91,,,-57,-87,-87,,-62,,,,,,,,,,,,,,,,,,,,,,,,,,,,,,,,,,,,,,-86,-80,-79,,-1192
26,LabRedesConvergentes,-82,,,,-60,-57,-77,,,,-87,-87,,,-81,,,,,,-91,,,-53,-84,,,-65,,,,,,,,,,,,,,,,,-87,-87,-88,-87,,,,,,,,,,,,,,,-94,-95,,-80,-62,-62,,-1566
27,LabRedesConvergentes,-80,,,,-57,-56,-76,,,,-80,-80,,,-74,,,,,,,,,-52,-87,,,-70,,,,,,,,,,,,,,,,,-86,-88,-89,-88,,,,,,,,,,,,,,,-94,,,-77,-62,-62,,-1358
28,LabRedesConvergentes,-81,,,,-58,,-77,,,,-80,-79,,,-77,,,,,-91,,,,-50,-86,,,-72,,,,,,,,,,,,,,,,,-90,-89,-88,-86,,,,,,,,,,,,,,,-95,-93,,-76,-62,-62,,-1492
29,LabRedesConvergentes,-79,,,,-58,,-77,,,,-80,-79,,,-81,,,,,,,,,-50,-88,,,-71,,,,,,,,,,,,,,,,,-88,-89,-89,-89,,,,,,,,,,,,,,,,,,-75,-63,-63,-96,-1315
30,LabRedesConvergentes,-78,,,,-58,,-73,,,,-79,-79,,,-80,,,,,,,,,-52,-86,,,-67,,,,,,,,,,,,,,,,,-88,-87,-89,-90,,,,,,,,,,,,,,,-95,-91,,-77,-63,-63,-92,-1487
31,LabFibraOptica,-69,,,,-58,-56,-66,,,,-81,-81,,,-74,,,,,-77,-86,,,-40,-90,,,-78,,,,,,,,,,,,,-86,-85,,,-80,-79,,-87,,,,,,,,,,,,,,,-90,-92,,-83,-65,-65,-98,-1766
32,LabFibraOptica,-70,,,,-57,,-66,,,,-81,-81,,,-76,,,,,-79,-87,,,-38,-83,,,-79,,,,,,,,,,,,,-87,-88,,,-84,-84,,,,,,,,,,,,,,,,,-89,,,-89,-65,-65,-94,-1542
33,LabFibraOptica,-61,,,,-56,,-66,,,,-81,-81,,,-83,,,,,-81,-82,,,-40,-88,,,-79,,,,,,,,,,,,,-89,-88,,,-83,-83,-90,-88,,,,,,,,,,,,,,,-91,,,-82,-66,-66,-94,-1718
34,LabFibraOptica,-71,,,,-61,,-67,,,,-85,-85,,,-85,,,,,-84,-82,,,-43,-82,,,-79,,,,,,,,,,,,,,,,,-82,-83,,,,,,,,,,,,,,,,,-94,,,-87,-65,-65,,-1300
35,LabFibraOptica,-71,,,,-61,-55,-69,,,,-85,-86,,,-83,,,,,-83,-84,,,-42,-83,,,-78,,,,,,,,,,,,,,,,,-90,-89,-89,-88,,,,,,,,,,,,,,,-94,,,-90,-70,-70,,-1560
36,PesquisaEngenhariaEletrica,-64,,,,-65,,-54,,,,-89,,,,-86,,,,,-87,-80,,,-71,-76,,,-78,,,,,,,,,,,,,-90,-89,,,,,-90,-90,,,,,,,,,,,,,,,-89,,,-80,-78,-78,-96,-1530
37,PesquisaEngenhariaEletrica,-75,,,,-61,,-52,,,,-87,-87,,,-79,,,,,-78,-84,,,-65,-82,,,-78,,,,,,,,,,,,,-87,-87,,,-89,,-85,-86,,,,,,,,,,,,,,,-89,-95,,-75,-80,-80,-91,-1772
38,PesquisaEngenhariaEletrica,-71,,,,-64,-72,-56,,,,,,,,-78,,,,,-79,-82,,,-61,-77,,,-77,,,,,,,,,,,,,-87,-87,,,,-91,-88,-86,,,,,,,,,,,,,,,-82,-90,,-81,-78,-78,-95,-1660
39,PesquisaEngenhariaEletrica,-67,,,,-65,-75,-52,,,,,,,,-83,,,,,-88,-81,,,-62,-76,,,-79,,,,,,,,,,,,,-86,-87,,,,-90,-87,-87,,,,,,,,,,,,,,,-92,-92,,-81,-79,-79,-93,-1681
40,PesquisaEngenhariaEletrica,-66,,,,-67,-68,-61,,,,,,,,-84,,,,,-84,-82,,,-61,-78,,,-79,,,,,,,,,,,,,-88,-88,,,,,-88,-87,,,,,,,,,,,,,,,-94,-94,,-80,-84,-84,-95,-1612
41,PraticasDidaticas,-61,,-78,,-74,-74,-59,,,,,,,,-82,,,,,-74,-67,,,-71,-65,,,-86,,,,,,,,,,,,,-81,-82,,,,,-82,-82,-83,-83,,,,,,,,,,,,,-91,-87,,,-87,-87,-95,-1731
42,PraticasDidaticas,-61,,-74,,-73,-76,-61,,,,,,,,-88,,,,,-78,-70,,,-75,-70,,,-84,,,,,,,,,,,,,-82,-81,,,,,-82,-82,-83,-84,,,,,,,,,,,,,-90,-87,,,-87,-86,-96,-1750
43,PraticasDidaticas,-59,,-71,,-73,-76,-59,,,,,,,,-85,,,,,-75,-64,,,-72,-65,,,-81,,,,,,,,,,,,,-80,-81,,,,,-80,-80,-77,-77,,,,,,,,,,,,,-85,-84,,-93,-85,-86,-93,-1781
44,PraticasDidaticas,-62,,-91,,-71,,-58,,,,,,,,-79,,,,,-75,-64,,,-71,-63,,,-82,,,,,,,,,,,,,-83,-82,,,,,-79,-78,-80,-80,,,,,,,,,,,,,-83,-84,,-92,-85,-85,-94,-1721
45,PraticasDidaticas,-63,,-86,,-73,,-59,,,,,,,,-81,,,,,-74,-64,,,-72,-62,,,-80,,,,,,,,,,,,,-82,-82,,,,,-79,-78,-80,-80,,,,,,,,,,,,,-86,-86,,-93,-85,-87,-96,-1728
46,SalaProfessores,-87,,,,-71,,-78,,,,,,,,-60,,,,,-62,,,,-70,-82,-91,,,,,,,,,,,,,,,,,,,,,,,,,,,-64,-64,,,,,,,,,-75,-83,,-73,,,-74,-1034
47,SalaProfessores,-88,,,,-72,,-77,,,,,,,,-55,,,,,-62,,,,-73,-81,-95,,-85,,,,,,,,,,,,,,,,,,,,,,,,,-64,-64,,,,,,,,,-75,-81,,-73,,,-69,-1114
48,SalaProfessores,-86,,,,-73,-79,-79,,,,,,,,-62,,,,,-59,,,,,-88,-93,,-84,,,,,,,,,,,,,,,,,,,,,,,,,-63,-64,,,,,,,,,-69,-86,,-71,,,-69,-1125
49,SalaProfessores,-86,,,,-75,-83,-78,,,,,,,,-54,,,,,-59,,,,-79,-85,-90,,-83,,,,,,,,,,,,,,,,,,,,,,,,,-64,-64,,,,,,,,,-71,-78,,-71,,,-70,-1190
50,SalaProfessores,-87,,,,-72,-81,-79,,,,,,,,-59,,,,,-65,,,,-76,-84,-92,,,,,,,,,,,,,,,,,-90,-91,,,,,,,,,-63,-63,,,,,,,,,-71,-82,,-72,,,-70,-1297
51,LabInformatica09,-85,,,,-73,,-87,,,,,,,,-63,,,,,-88,,,,-66,-95,-89,,-75,,,,,-62,-62,,,,,,,,,-90,-90,-88,-89,,,,,,,-89,-89,,,,,,,,,-92,-80,,-56,-93,,-88,-1789
52,LabInformatica09,-78,-95,,,-75,,-80,,,,,,,,-64,,,,,-83,,,,-67,-92,-94,,-73,,,,,-63,-63,,,,,,,,,,,-88,-90,,,,,,,-86,-87,,,,,,-82,-82,,-86,-78,,-60,,,-91,-1757
53,LabInformatica09,-90,,,,-69,,-79,,,,,,,,-62,,,,,-87,,,-92,-70,-93,-93,,-84,,,-90,-91,-64,-64,,,,,,,,,,,-90,-91,,,,,,,-84,-85,,,,,,-90,-88,,-88,-81,,-57,-89,-89,-93,-2153
54,LabInformatica09,-87,,,,-73,-81,-80,,,,,,,,-65,,,,,-84,,,-94,-69,-93,-90,,-78,,,,,-63,-63,,,,,,,,,,,-88,-90,,,,,,,-86,-86,,,,,,-85,-84,,-85,-85,,-54,-89,-91,-95,-2038
55,LabInformatica09,-87,,,,-72,-83,-83,,,,,,,,-63,,,,,-84,,,-95,-70,,-93,,-79,,,,,-63,-63,,,,,,,,,,,,,,,,,,,-87,-86,,,,,,-87,-86,,-88,-84,,-56,-91,-88,-92,-1780
56,SalaTecnicos,-81,,,-77,-71,,-74,,,,,,,,-53,,,,,-83,,,,-64,-91,,,-71,,,,,-73,-73,,,,,,,,,,-91,-76,-76,,,-88,-87,,,-84,-85,,,,,,,,,-83,-65,,-73,-88,-89,-84,-1880
57,SalaTecnicos,-82,,,-78,-72,-79,-77,,,,,,,,-57,,,,,-80,,,-92,-63,-91,-93,,-78,,,,,-74,-74,,,,,,,,,,,-84,-84,,,-87,-87,,,-83,-83,,,,,,,,,-85,-65,,-71,-86,-86,-83,-2074
58,SalaTecnicos,-85,,,-73,-75,-84,-77,,,,,,,,-62,,,,,-77,,,-94,-69,-90,-89,,-72,,,,,-73,-73,,,,,,,,,,,-81,-81,,,-89,-87,,,-83,-83,,,,,,,,,-90,-67,,-68,-88,-89,-85,-2084
59,SalaTecnicos,-84,,,-74,-73,-81,-76,,,,,,,,-56,,,,,-79,,,-92,-62,-88,-92,,-72,,,,,-74,-73,,,,,,,,,-88,-88,-84,-83,,,,-88,,,-81,-82,,,,,,,,,-87,-70,,-77,-89,-89,-84,-2166
60,SalaTecnicos,-88,,,-77,-76,,-76,,,,,,,,-54,,,,,-85,,,-92,-64,-89,-93,,-74,,,,,-74,-74,,,,,,,,,-90,-91,-84,-85,,,-86,-86,,,-83,-84,,,,,,,,,-90,-69,,-76,,,-87,-2027
61,LabTelecomunicacoes,-84,,,-78,-71,-74,-80,,,,,,,,-63,,,,,-73,,,,-71,-84,-91,,-70,,,,-89,-77,-76,,,,,,,,,-89,-88,,,,,,,,,-77,-77,,,,,,-88,,,-88,-72,,-70,,,-88,-1818
62,LabTelecomunicacoes,-87,,,-84,-69,-73,-83,,,,,,,,-64,,,,,-76,,,,-67,-92,-93,,-76,,,-89,-88,-75,-77,,,,,,,,,-89,-87,-86,-87,,,,,,,-81,-81,,,,,,,,,,-74,,-68,-88,-88,-92,-2114
63,LabTelecomunicacoes,-89,,,-75,-71,,-78,,,,,,,,-59,,,,,-73,,,,-66,-87,-94,,-74,,,,,-77,-76,,,,,,,,,-89,-89,-87,-87,,,,,,,-81,-81,,,,,,,,,-81,-73,,-67,-89,-90,-88,-1921
64,LabTelecomunicacoes,-82,,,-75,-68,,-78,,,,,,,,-62,,,,,-74,,,,-65,-83,-90,,-74,,,,,-74,-75,,,,,,,,,-88,-89,-88,-87,,,,,,,-76,-76,,,,,,,,,-85,-76,,-67,-89,-90,-87,-1898
65,LabTelecomunicacoes,-86,,,-72,-71,,-81,,,,,,,,-61,,,,,-87,,,-94,-68,-82,-90,,-71,,,,,-74,-73,,,,,,,,,-90,-90,-87,-88,,,,,,,-77,-77,,,,,,,,,-86,-81,,-69,,,-84,-1839
66,PET,-78,,,-64,-69,-68,-70,,,,,,,,-71,,,,,-75,,,,-69,-81,,,-84,,,,,-90,-90,,,,,,,,,-87,-86,,,,,-89,-87,,,-77,-78,,,,,,,,,-84,-67,,-76,,,-74,-1714
67,PET,-84,,-93,-66,-74,,-70,,,,,,,,-67,,,,,-81,,,,-70,-76,,,-81,,,-91,-89,-85,-85,,,,,,,,,-81,-81,-88,-90,,,,,,,,,,,,,,,,,-81,-63,,-79,-90,-89,-77,-1931
68,PET,-82,,-94,-65,-72,,-74,,,,,,,,-67,,,,,-72,,,,-69,-75,,,-83,,,,-90,-84,-84,,,,,,,,,-81,-79,-88,-89,,,,,,,-76,-76,,,,,,,,,-78,-63,,-77,-88,-88,-74,-1968
69,PET,-83,,,-73,-73,,-74,,,,,,,,-69,,,,,-74,,,,-67,-78,,,-82,,,,,-85,-84,,,,,,,,,-82,-82,-90,-89,,,-87,-86,,,-78,-78,,,,,,,,,-81,-63,,-76,-88,-89,-76,-1987
70,PET,-79,-95,-92,-79,-73,-75,-74,,,,,,,,-67,,,,,-78,,,,-66,-78,,,-83,,,,,,,,,,,,,,,-84,-84,,-87,,,-87,-89,,,-77,-77,,,,,,,,,-86,-59,,-77,-89,-88,-78,-2001
71,CoordenacaoEngenhariaEletrica,-88,-94,-94,-71,-79,,-86,,,,,,,,-77,,,,,-75,,,,-77,-77,,,-85,,,,,,,,,,,,,,,-61,-61,,,,,-86,-86,,,,-85,,,,-85,-87,,,,-71,-57,,-92,,,-86,-1760
72,CoordenacaoEngenhariaEletrica,-80,-92,,-76,-79,,-80,,,,,,,,-82,,,,,-65,,,,-75,-79,,,-87,,,,,,,,,,,,,,,-61,-61,,,,,,,,,,-87,,,,-85,-85,,,,-67,-58,,-93,,,-84,-1476
73,CoordenacaoEngenhariaEletrica,-87,-94,-93,-71,-78,,-82,,,,,,,,-71,,,,,-65,-95,,,-74,-78,,,-88,,,,,,,,,,,,,,,-61,-61,,,,,-87,-87,,,,,,,,-83,-83,,,,-71,-60,,-90,,,-89,-1748
74,CoordenacaoEngenhariaEletrica,-83,-97,,-72,-78,-84,-78,,,,,,,,-83,,,,,-65,-95,,,-77,-81,,,-84,,,,,,,,,,,,,,,-60,-60,,,,,-88,-87,,,,,,,,-84,-85,,,,-69,-59,,-91,,,-89,-1749
75,CoordenacaoEngenhariaEletrica,-84,-92,,-77,-77,-83,-78,,,,,,,,-85,,,,,-66,,,,-76,-78,,,-84,,,,,,,,,,,,,,,-59,-58,,,,,-87,-88,,,-87,-87,,,,-89,-88,,,,-68,-60,,-93,,,-89,-1833
76,LabQuimica03,,,,,-91,-91,,-87,,,-76,-78,-89,-90,,,,,,,-90,,,-89,,,,-74,-80,-79,,,,,-88,-86,,,-82,-83,,,,,,,,,,,,,,,-91,-84,-84,,,,,-93,,,,,,,,-1705
77,LabQuimica03,,,,,-92,,,-89,,,-82,-83,,,,,,,,,-89,,-94,-83,,,,-76,-83,-84,,,,,-88,-88,,,-89,-88,,,,,,,,,,,,,,,-90,-85,-85,,,,,,,,,,,,,-1468
78,LabQuimica03,,,,,-93,,,-90,,,-81,-82,,-89,,,,,,,-94,,,-88,,,,-76,-85,-84,,,,,-87,-88,,,-87,-91,,,,,,,,,,,,,,,-88,-86,-87,,,,,,,,,,,,,-1476
79,LabQuimica03,,,,,-94,-87,,,,,-80,-79,-87,-87,,,,,,,-91,,,-88,,,,-75,-87,-86,,,,,-89,-88,,,-87,-86,,,,,,,,,,,,,,,-90,,,,,,,,,,,,,,,-1381
80,LabQuimica03,,,,,-91,-88,-96,-91,,,-79,-79,-86,-86,,,,,,,-92,,,-87,,,,-70,-86,-85,,,,,,,,,-88,-86,,,,,,,,,,,,,,,-86,,,,,,,,,,,,,,,-1376
81,LabQuimica02,,,,,-85,,,-93,,,-82,-82,,,,,,,,,-90,,,-89,,,,-80,-60,-60,,,,,-88,-90,,,-92,-91,-90,-88,,,,,,,,,,,,,-84,,,,,,,,,,,,,,,-1344
82,LabQuimica02,,,,,-84,,-94,,,,-80,-81,,,,-86,-86,,,,-92,,,-80,,,,-76,-61,-62,,,,,-89,-87,,,,,-87,-88,,,,,,,,,,,,,-87,,,,,,,,,,,,,,,-1320
83,LabQuimica02,,,,,-91,,-93,,,,-79,-79,,,,,,,,,,,,-82,,,,-82,-64,-65,,,,,-87,-90,,,,-91,-90,-89,,,,,,,,,,,,,,,,,,,,,,,,,,,,-1082
84,LabQuimica02,,,,,-87,-91,-94,,,,-81,-80,,,,,,,,,-90,,,-83,,,,-81,-63,-63,,,,,-89,-86,,,-91,-89,-87,-88,,,,,,,,,,,,,,,,,,,,,,,,,,,,-1343
85,LabQuimica02,,,,,-87,-91,-94,,,,-81,-80,,,-93,,-89,,,,-92,,,-81,,,,-79,-70,-70,,,,,,,,,-89,-88,-89,-90,,,,,,,,,,,,,,,,,,,,,,,,,,,,-1363
86,LabQuimica01,-94,,,,-90,,-92,,,,-81,-81,,,,-89,-90,,,,-96,,,-86,,,,-86,-56,-55,,,,,,,,,,,-89,-88,,,,,,,,,,,,,,,,,,,,,,,,,,,,-1173
87,LabQuimica01,-95,,,,,,-90,,,,-82,-83,,,,,,,,,-89,,,-88,,,,-87,-55,-55,,,,,,,,,,,-88,-87,,,,,,,,,,,,,,,,,,,,,,,,,,,,-899
88,LabQuimica01,,,,,-87,-91,,,,,-82,-82,,,,-88,-89,,,,-88,,,-81,,,,-85,-55,-55,,,,,,,,,,,-89,-90,,,,,,,,,,,,,,,,,,,,,,,,,,,,-1062
89,LabQuimica01,,,,,-90,-89,-90,,,,-84,-84,-92,-90,,-88,-89,,,,-88,,,-88,,,,-87,-56,-56,,,,,,,,,,,-89,-88,,,,,,,,,,,,,,,,,,,,,,,,,,,,-1348
90,LabQuimica01,,,,,-86,-90,-92,,,,-84,-84,,,,-88,-89,,,,-90,,,-85,,,,-84,-53,-53,,,,,,,,,,,-89,-88,,,,,,,,,,,,,,,,,,,,,,,,,,,,-1155
91,LabMicroscopia,-94,,,,-92,-90,-88,,,,,,,,,,,,,,-72,-85,,-92,-89,,,-92,-84,-84,,,,,,,-83,-83,,,-80,-80,,,,,,,,,,,,,,,,,,,,,,,,,,,,-1288
92,LabMicroscopia,-92,,,,-93,-94,-93,,,,,,,,,,,,,,-70,-83,,-90,,,,-93,-84,-84,,,,,,,-80,-81,,,-81,-80,,,,,,,,,,,,,,,,,,,,,,,,,,,,-1198
93,LabMicroscopia,-89,,,,,-92,-91,,,,,,,,,,,,,,-76,-87,,-90,,,,-94,-83,-82,,,,,,,-84,-83,,,-78,-78,,,,,,,,,,,,,,,,,,,,,,-93,,,,,,-1200
94,LabMicroscopia,-91,,,,-96,,,,,,,,,,,,,,,,-72,-86,,-93,,,,-94,-85,-82,,,,,,,-81,-81,,,-79,-79,,,,,,,,,,,,,,,,,,,,,,-96,,,,,,-1115
95,LabMicroscopia,-94,,,,,,,,,,,,,,,,,,,,-75,-87,,-91,,,,-94,-86,-85,,,,,,,-84,-85,,,-78,-78,,,,,,,,,,,,,,,,,,,,,,-95,,,,,,-1032
96,LabMatematica,-93,,,,-94,,-87,,,,,,,,,,,,,,-60,-88,,-91,,,,-89,-80,-82,,,,,,,-86,-87,,,-80,-80,,,,,,,-87,-87,,,,,,,,,,,,,,,,,,,,-1271
97,LabMatematica,-95,,-92,,,-95,-86,,,,,,,,,,,-89,-88,,-59,-90,,-92,-95,,,-93,-82,-81,,,,,,,-82,-83,,,-78,-79,,,,,,,,,,,,,,,,,,,,,,,,,,,,-1459
98,LabMatematica,-93,,,,,,-84,,,,,,,,,,,,,,-60,-94,,-92,-93,,,-91,-86,-85,,,,,,,-86,-86,,,-80,-80,,,,,,,-88,-90,,,,,,,,,,,,,,,,,,,,-1288
99,LabMatematica,-90,,,,,,-87,,,,,,,,,,,,,,-58,-92,,-94,-92,,,-92,-81,-80,,,,,,,-85,-87,,,-78,-79,,,,,,,-89,,,,,,,,,,,,,,,,,,,,,-1184
100,LabMatematica,-92,,,,,,-85,,,,,,,,,,,,,,-61,-86,,-93,-90,,,-95,-80,-81,,,,,,,-85,-85,,,-79,-79,,,,,,,-87,-87,,,,,,,,,,,,,,,,,,,,-1265
101,LabBiologia,-90,,,,-74,-79,-85,-96,,,-70,-71,,,-81,,,,,,-79,,,-65,-97,,,-79,-72,-72,,,,,,,,,-88,-89,-82,-82,,,,,,,,,,,,,,,,,,,,,,,,-89,,,,-1540
102,LabBiologia,-93,,,,-74,-76,-84,-93,,,-69,-68,,,-85,,,,,,-83,,,-67,,,,-77,-75,-75,,,,,,,,,,-93,-82,-82,,,,,,,,,,,,,,,,,,,,,,,,-91,,,,-1367
103,LabBiologia,-89,,,,-73,-79,-82,,,,-67,-67,,,-82,,,,,,-83,,,-70,,,,-83,-73,-72,,,,,,,,,,,-85,-86,,,,,,,,,,,,,,,,,,,,,,,,-90,,,,-1181
104,LabBiologia,-91,,,,-83,-83,-86,,,,-70,-70,,,-82,,,,,,-84,,,-81,-92,,,-77,-74,-74,,,,,,,,,,,-83,-83,,,,,,,,,,,,,,,,,,,,,,,,,-90,,,-1303
105,LabBiologia,-93,,,,-83,,-90,,,,-68,-68,,,-90,,,,,,-80,,,-83,-98,,,-77,-73,-72,,,,,,,,,,,-82,-83,,,,,,,,,,,,,,,,,,,,,,,,-95,,,,-1235
106,LabFisica,-92,,,,-84,,-82,,,,-76,-76,,,-93,-88,-87,,,,-78,,,-75,-93,,,-78,-77,-77,,,,,,,,,,,-83,-83,,,,,,,,,,,,,,,,,,,,,,,,,,,,-1322
107,LabFisica,-87,,,,-83,-86,-86,-95,,,-74,-73,,,-91,,,,,,-78,,,-77,-92,,,-75,-77,-76,,,,,,,,,,,-85,-84,,,,,,,,,,,,,,,,,,,,,,,,,,,,-1319
108,LabFisica,-92,,,,-82,-83,-83,-93,,,-71,-71,,,-89,,,,,,-80,,,-79,-95,,,-74,-72,-72,,,,,,,,,,,-84,-84,,,,,,,,,,,,,,,,,,,,,,,,,,,,-1304
109,LabFisica,,,,,-81,,-85,-95,,,-69,-69,,,-88,,,,,,-78,,,-76,-95,,,-77,-73,-72,,,,,,,,,,,-85,-84,,,,,,,,,,,,,,,,,,,,,,,,,,,,-1127
110,LabFisica,-88,,,,-79,,-85,-93,,,-69,-69,,,-84,-89,-89,,,,-81,,,-77,-93,,,-74,-72,-72,,,,,,,,,,,-84,-84,,,,,,,,,,,,,,,,,,,,,,,,,,,,-1382
111,NucleoPesquisa,-87,,,,-87,-85,-93,,,,,,,,-92,,,,,-89,-50,-89,,-83,-88,,-92,-84,,,,,,,,,,,,,-66,-66,,,,,,,,,,-89,,,,,,,,,,,-96,,,,,,,-1336
112,NucleoPesquisa,-88,,,,-89,,-90,,,,,,,,-89,,,,,-87,-56,-91,,-86,-87,,-77,-85,,,,,,,,,,,,,-66,-66,,,,,,,,,-89,-89,,,,,,,,,,,-98,,,,,,,-1333
113,NucleoPesquisa,-89,,,,-88,,-92,,,,,,,,-92,,,,,-85,-57,-91,,-86,-86,,-90,-87,,,,,,,,,,,,,-68,-68,,,,,,,,,-89,-91,,,,,,,,,,,-96,,,,,,,-1355
114,NucleoPesquisa,-89,,,,-89,,-92,,,,,,,,,,,,,-88,-54,-93,,-84,-86,,-72,-86,,,,,,,,,,,,,-68,-68,,,,,,,,,-89,-89,,,,,,,,,,,,,,,,,,-1147
115,NucleoPesquisa,-91,,,,-85,-85,-88,,,,,,,,-92,,,,,-87,-54,-92,,-83,-82,,-84,-86,,,,,,,,,,,,,-65,-65,,,,,,,,,-88,-89,,,,,,,,,,,,,,,,,,-1316
116,CoordenacaoQuimica,-88,,,,-90,,-87,,,,,,,,,,,,,,-55,-93,,-86,-90,,,-92,,,,,,,,,-91,,,,-79,-79,,,,,,,,,-80,-80,,,,,,,,,,,-97,,-92,,,,,-1279
117,CoordenacaoQuimica,-91,,,,-90,,-84,,,,,,,,,,,,,-93,-60,-90,,-91,-87,,,-91,,,,,,,,,,,,,-82,-82,,,,,,,,,-82,-81,,,,,,,,,,,-94,,-96,,,,,-1294
118,CoordenacaoQuimica,-88,,,,-93,-91,-88,,,,,,,,,,,,,-93,-65,-89,,-90,-87,,,-91,,,,,,,,,-89,-90,,-92,-80,-80,,,,,,,,,-82,-81,,,,,,,,,,,,,,,,,,-1469
119,CoordenacaoQuimica,-89,,,,-90,-92,-85,,,,,,,,,,,,,-92,-61,-86,,-92,-83,,,-90,,,,,,,,,-90,-90,-91,-92,-81,-81,,,,,,,,,-83,-84,,,,,,,,,,,-94,,,,,,,-1646
120,CoordenacaoQuimica,-89,,,,-91,-92,-87,,,,,,,,,,,,,-92,-62,-88,,-87,-90,,,-91,,,,,,,,,,,-88,-91,-79,-78,,,,,,,,,-83,-81,,,,,,,,,,,-93,,,,,,,-1462
