Num,Ambiente,00:26:5a:66:55:ef,00:27:19:ca:71:d2,18:0d:2c:7f:eb:ac,18:0d:2c:7f:f5:9c,18:d6:c7:f9:37:2f,1c:3b:f3:3c:b3:1a,24:36:da:2b:5e:c0,24:36:da:2b:5e:c2,24:36:da:2b:bc:00,24:36:da:2b:bc:02,24:fd:0d:57:19:26,2c:57:41:d4:69:c2,44:d2:44:dd:32:40,48:51:cf:81:b0:9e,4c:e1:75:db:58:80,4c:e1:75:db:58:82,50:c7:bf:ef:56:8a,54:e6:fc:cf:22:de,58:10:8c:91:f3:aa,60:32:b1:2d:66:c3,64:70:02:99:fe:f4,7c:f1:7e:8d:13:22,84:f1:47:54:6b:80,84:f1:47:54:6b:82,84:f1:47:54:71:00,84:f1:47:54:71:02,84:f1:47:54:7f:20,84:f1:47:54:7f:22,84:f1:47:54:8b:a0,84:f1:47:54:8b:a2,84:f1:47:54:95:e0,84:f1:47:54:95:e2,84:f1:47:54:96:e0,84:f1:47:54:96:e2,84:f1:47:54:eb:20,84:f1:47:54:eb:22,84:f1:47:54:f9:80,84:f1:47:54:f9:82,84:f1:47:54:fd:c0,84:f1:47:54:fd:c2,86:5d:e9:c5:47:8c,b8:11:4b:1d:14:80,b8:11:4b:1d:14:82,b8:11:4b:1d:1e:40,b8:11:4b:1d:1e:42,cc:32:e5:0c:fc:2b,d8:0d:17:3e:c3:cb,d8:5d:4c:86:7e:66,da:38:d4:2e:cb:c6,e2:e7:86:8e:b8:de,e4:4e:2d:85:4c:60,e4:4e:2d:85:4c:62,e8:94:f6:b9:2f:46,Total geral
1,Informática09,-84,,-77,-72,-79,,,,,,-63,-86,,-88,,,,-91,-66,-90,-90,-73,,,,,-57,-57,,,,,,-89,,,,,,,,,,,,-84,-77,-63,,,-85,-85,-89,-1645
2,Informática09,-88,,-76,-77,-80,,,,,,-68,-92,,-86,,,,-91,-61,-88,-91,-77,,,,,-58,-58,,,,,,,,,,,,,,,,-86,,-84,-82,-64,,,-89,-87,-91,-1674
3,Informática09,-85,,-77,-78,-77,,,,,,-70,,,-87,,,,,-63,-89,-91,-76,,,,,-57,-57,,,,,,,,,,,,,,,,-83,,-92,-87,-70,,,-90,-90,-92,-1511
4,Informática09,-87,,-77,-79,-78,,,,,,-68,,,-84,,,,-93,-65,-88,-91,-79,,,,,-58,-58,,,,,,,,,,,,,,,,-83,-84,-96,-86,-70,,,,-88,-92,-1604
5,Informática09,-86,,-79,-75,-79,,,,,,-70,,,-85,,,,-92,-61,-90,-92,-80,,,,,-59,-59,,,,,,,,,,,,,,,,-84,,-92,-84,-69,,,-88,-88,-92,-1604
6,Sala tecnicos,-88,,-80,-74,-77,,,,,,-63,,,-78,,,,-94,-68,-83,-93,-81,,,,,-68,-70,,,,,-82,-83,,,,,-83,-83,-93,,,,,-87,-71,-73,,,-85,-85,-85,-1927
7,Sala tecnicos,-91,,-77,-82,-81,,,,,,-68,,,-94,,,,-95,-69,-84,-90,-83,,,,,-68,-68,,,,,-81,-82,,,,,-84,-84,,,,,,-86,-77,-73,,,,,-84,-1701
8,Sala tecnicos,-83,,-79,-72,-72,,,,,,-59,,,-79,,,,-94,-65,-80,,-78,,,,,-68,-68,,,,,-79,-79,,,,,-85,-85,,,,,,-82,-74,-66,,,,,-88,-1535
9,Sala tecnicos,-84,,-79,-79,-72,,,,,,-58,,,-83,,,,-95,-70,-86,,-75,,,,,-71,-71,,,,,-81,-82,,,,,,,,,,,,-83,-71,-67,,,-88,-90,-89,-1574
10,Sala tecnicos,-85,,-75,-75,-74,,,,,,-58,,,-80,,,,,-71,-89,,-77,,,,,-71,-71,,,,,-82,-82,,,,,-86,-86,,,,,,-83,-73,-67,,,-88,-88,-89,-1650
11,Sala telecomunicações,-85,,-79,-76,-75,,,,,,-69,,,-78,,,,,-79,-79,,-79,,,-89,-90,-73,-76,,,,,-88,-86,,,,,-79,-79,,,,,-88,-88,-66,-68,-91,,,,-88,-1848
12,Sala telecomunicações,-86,,-80,-73,-77,,,,,,-68,,,-82,,,,,-76,-84,,-79,,,-89,-89,-73,-73,,,,,-86,-87,,,,,-82,-82,,,,,,-86,-64,-67,-96,,,,-87,-1766
13,Sala telecomunicações,-84,,-78,-73,-86,,,,,,-68,,,,,,,-95,-64,-83,-93,-72,,,-89,-89,-71,-71,,,,,-85,-86,,,,,-84,-83,,,,,-90,-86,-66,-67,-92,,-89,-90,-85,-2119
14,Sala telecomunicações,-94,,-75,-72,-80,,,,,,-68,,,-78,,,,-92,-72,-84,-92,-78,,,-90,-91,-74,-74,,,,,-85,-86,,,,,-82,-82,,,,,,-90,-64,-70,,-95,-88,-87,-87,-2130
15,Sala telecomunicações,,,-77,-75,-77,,,,,,-69,,,,,,,,-67,-84,-94,-82,,,,-91,-74,-75,,,,,-85,-85,,,,,-85,-84,,,,,,,-68,-69,-93,,-89,-90,-89,-1702
16,Coordenação elétrica,-82,-90,-82,-90,-77,,,,,,-77,,,-61,,,-96,,-80,-79,,-86,,,,,,,,,-62,-62,,,,,-82,-83,-88,-89,-88,-82,-82,,,-65,-49,,-77,,,,-83,-1892
17,Coordenação elétrica,-81,-95,-81,,-74,,,,,,-80,,-95,-63,,,-94,,-75,-77,,-89,,,,,,,,,-62,-62,,,,,-85,-85,-88,-87,-87,-81,-81,,,-75,-51,-92,-75,,,,-82,-1997
18,Coordenação elétrica,-83,-92,-85,-91,-78,,,,,,-85,,,-67,,,-96,,-83,-81,,-95,,,,,,,,,-65,-65,,,,,-88,,-89,,-91,-87,-87,,,-75,-53,-96,-80,,,,-87,-1899
19,Coordenação elétrica,-80,-89,-83,,-76,,,,,,-79,,,-59,,,-92,,-79,-76,,-89,,,,,,,,,-61,-61,,,,,-85,-84,-86,-86,-91,,-80,,,-66,-50,-90,-75,,,,-80,-1797
20,Coordenação elétrica,-73,-88,-84,-91,-80,,,,,,-83,,,-62,,,-93,,,-86,,-92,,,,,,,,,-64,-64,,,,,,,-89,-89,-90,-86,-87,,,-68,-50,,,,,,-85,-1604
21,Sala professores,-84,,-77,-84,-75,,,,,,-51,,,-56,,,,,-71,-78,,,,,,,-83,-85,,,-87,-87,,,,,,,-60,-60,,,,,,-71,-75,-67,-78,,,,-71,-1400
22,Sala professores,-84,,-76,-85,-73,,,,,,-56,,,-61,,,,,-75,-81,,,,,,,-83,-82,,,-87,-88,,,,,,,-62,-62,,,,,,-62,-78,-66,-82,,-86,,-74,-1503
23,Sala professores,,,-72,-86,-73,,,,,,-52,,,-59,-88,,,,-73,-80,-94,-82,,,,,-82,-82,,,-88,-88,-85,-89,,,,,-63,-63,,,,,,-69,-72,-67,-78,,-85,-85,-69,-1924
24,Sala professores,-86,,-76,-87,-72,,,,,,-58,,,-63,-89,-90,,,-78,-80,,-82,,,,,-82,-83,,,-87,-87,-88,-90,,,,,-63,-63,,,,,,-68,-70,-64,-78,,-85,-84,-71,-2024
25,Sala professores,-86,,-72,-85,-72,,,,,,-59,,,-59,-87,,,,-77,-79,,-82,,,,,-82,-84,,,,,,,,,,,-63,-63,,,,,,-68,-70,-65,-78,,-85,-85,-70,-1571
26,Pet,-70,,-74,-78,-63,,,,,,-76,,,-68,,,,,-65,-78,-94,-80,,,-89,,-84,-85,,,-80,-80,,,,,-85,-84,-77,-77,-88,,,,,-79,-57,-80,,,-89,-88,-87,-2055
27,Pet,-76,-93,-72,-78,-65,,,,,,-68,,,-70,,,,,-63,-78,,-85,,,,-91,-82,-83,,,-79,-79,,-91,,,-85,-84,-79,-79,-93,,,-88,-89,-82,-62,-90,-82,,-87,-89,-85,-2427
28,Pet,-72,-92,-72,-78,-66,,,,,,-78,,,-72,,,,,-63,-77,,-83,,,,,-83,-83,,,-80,-79,-89,-89,,,-84,-83,-79,-80,-95,,,,,-83,-61,-82,,,-88,-89,-83,-2163
29,Pet,-74,,-73,-75,-66,,,,,,-73,,,-69,,,,,-63,-76,,-83,,,,,-83,-85,,,-80,-81,-88,,,,-85,-83,-78,-77,-92,,,,,-79,-62,-82,-94,,-87,-88,-86,-2062
30,Pet,-70,,-72,-74,-63,,,,,,-71,,,-69,,,,,-64,-80,,-81,,,,,-86,-88,,,-82,-81,,,,,-86,-86,-75,-77,-90,,,,-88,-79,-59,-81,-82,,-87,-88,-82,-2041
31,Telecomunicações,-86,,-75,-60,-69,,,,-77,-76,-88,,-87,-94,,,-90,,-54,-87,,-47,-88,-86,,,,,,-90,,,-66,-66,,,,,,,,,,,,,-92,-84,,,-74,-75,,-1711
32,Telecomunicações,-88,,-75,-61,-71,,,,-78,-77,-87,,-92,,,,-91,,-58,-87,,-51,-89,-89,,,,,,-90,,,-65,-65,,,,,,,,,,,,,-90,-86,,,-78,-78,,-1646
33,Telecomunicações,-88,,-76,-64,-70,,,,-78,-78,-87,,-90,,,,-92,,-58,-85,,-50,-86,-86,,,,,,,,,-65,-65,,,,,,,,,,,,,-93,-86,,,-77,-77,,-1551
34,Telecomunicações,-90,,-76,-62,-70,,,,-76,-76,-83,,-91,-94,,,-90,-92,-59,-84,,-51,-85,-85,,,,,,,,,-65,-64,,,,,,,,,,,,,-93,-87,,,-76,-77,,-1726
35,Telecomunicações,-86,,-73,-62,-70,,,,-77,-77,-82,,-89,-93,,,-92,-92,-58,-85,,-50,-85,-86,,,,,,-92,,,-65,-65,,,,,,,-93,,,,,,-90,-86,,,-77,-77,,-1902
36,Calibração,-84,,-68,-65,-70,,,,-87,-86,-77,,-87,-94,,,-91,,-62,-83,,-58,-82,-82,,,,,,,,,-59,-59,,,-88,-88,,,,,,,,-92,-88,-86,,,-73,-74,,-1883
37,Calibração,-87,,-67,-61,-72,,,,-86,-86,-76,,-86,-91,,,-89,,-57,-83,,-58,-83,-84,,,,,,,,,-59,-59,,,-88,-88,,,,,,,,-91,-90,-85,,,-74,-74,,-1874
38,Calibração,-86,,-67,-61,-71,,,,-84,-82,-83,,-86,-92,,,-88,,-57,-83,,-57,-83,-84,,,,,,,,,-58,-58,,,-89,-89,,,-92,,,,,-93,-87,-86,,,-73,-73,,-1962
39,Calibração,-87,,-67,-61,-73,,,,-84,-82,-85,,-88,-93,,,-89,,-56,-85,,-58,-86,-87,,,,,,,,,-58,-58,,,-89,-87,,,,,,,,-89,-87,-86,,,-73,-73,-97,-1978
40,Calibração,-86,,-68,-63,-74,,,,-84,-84,-79,,-91,-93,,,-89,,-57,-86,,-61,-89,-87,,,,,,,,,-59,-60,,,-89,-90,,,,,,,,-93,-90,-89,,,-75,-76,-95,-2007
41,Instrumentação biomédica,-74,,-74,-69,-67,,,,-85,-85,-85,,-79,-91,,,-91,-92,-63,-81,,-66,-84,-84,,,,,-82,-82,,,-70,-71,,,-85,-86,,,-93,,,,,-90,-89,-92,,,-81,-82,,-2273
42,Instrumentação biomédica,-70,,-75,-72,-66,,,,-84,-82,-86,,-81,-90,,,-80,-92,-62,-80,,-68,-84,-83,,,,,-86,-86,,,-71,-71,,,-83,-83,,,,,,,,,-92,-92,,,-81,-82,,-2082
43,Instrumentação biomédica,-66,,-74,-71,-69,,,,-85,-85,-90,,-84,,,,-83,-92,-54,-85,,-63,-85,-86,,,,,-90,-89,,,-71,-71,,,-79,-80,,,-94,,,,,-92,,-91,,,-87,-86,,-2102
44,Instrumentação biomédica,-67,,-74,-70,-69,,,,-85,-84,-89,,-83,-88,,,-85,,-56,-88,,-61,-85,-85,,,,,-88,-88,,,-73,-73,,,-81,-81,,,,,,,,-89,-91,-92,,,-86,-88,,-2099
45,Instrumentação biomédica,-71,,-72,-72,-68,,,,-84,-84,-84,,-83,-89,,,-88,-91,-59,-78,,-66,-84,-82,,,,,-81,-81,,,-77,-75,,,-88,-89,,,,,,,,-88,-89,-94,,,-80,-81,,-2178
46,Auditório elétrica,-62,,-78,-76,-68,,,-91,,,-85,,-91,-88,,,-78,,-74,-79,,-68,-82,-83,,,,,-74,-74,-93,-93,-85,-85,-88,-87,-71,-70,,,-92,,,,,-86,-75,-92,,,-89,-91,-94,-2542
47,Auditório elétrica,-63,,-79,-75,-67,,-90,-90,,,-84,,-89,-87,,,-83,,-75,-78,,-70,-86,-87,,,,,-76,-75,,-91,-84,-84,-88,-88,-70,-70,,,-92,,,,,-81,-76,-94,-93,,-90,-92,-92,-2639
48,Auditório elétrica,-62,,-79,-73,-66,,-90,,,,-84,,-90,-88,,,-77,,-74,-81,,-66,-86,-87,,,,,-75,-75,,,-87,-87,-85,-85,-69,-69,,,-91,,,,,-83,-76,-93,-95,,-88,-88,-95,-2444
49,Auditório elétrica,-61,,-76,-72,-65,,-89,-90,,,-87,,-87,-85,,,-83,,-71,-80,,-67,-82,-83,,,,,-74,-74,,,-86,-86,-85,-86,-70,-71,,,-91,,,,,-80,-73,-94,-93,,-87,-87,-94,-2509
50,Auditório elétrica,-60,,-76,-76,-68,,,,,,-83,,-88,-85,,,-80,,-76,-75,,-66,-85,-85,,,,,-73,-73,,,-85,-85,-86,-86,-69,-69,,,-92,,,,,-82,-74,-91,-94,,-86,-87,,-2235
51,Coordenação pós graduação,-88,,-61,-58,-75,,,,-83,-83,-79,,-88,-88,,,-90,,-57,-89,-92,-67,,,,,,,,,,,,,-80,-82,,,,,,,,,,,,-78,,,-77,-76,,-1491
52,Coordenação pós graduação,-90,,-61,-56,-74,,,,-84,-84,-81,,-86,-90,,,-89,,-59,-86,-89,-62,,,,,,,,,,,,,-83,-83,,,,,,,,,,,,-77,,,-75,-74,,-1483
53,Coordenação pós graduação,-84,,-61,-58,-74,,,,-82,-82,-80,,-87,-88,,,-90,,-61,-89,-93,-61,,,,,,,,,,,,,-83,-82,,,,,,,,,,-93,,-78,,,-74,-74,,-1574
54,Coordenação pós graduação,-84,,-61,-60,-73,,,,-83,-83,-85,,-86,-92,,,-93,,-59,-88,-91,-63,,,,,,,,,,,,,-82,-82,,,,,,,,,,,,-80,,,-73,-74,,-1492
55,Coordenação pós graduação,-87,,-61,-60,-73,,,,-84,-84,-77,,-87,-89,,,-92,,-56,-89,-89,-61,,,,,,,,,,,,,-83,-83,,,,,,,,,,-92,,-82,,,-74,-74,,-1577
56,Redes convergentes,-82,,-51,-50,-68,-95,,,-79,-80,-73,,-77,-88,,,-84,,-43,-87,,-72,,,,,,,,,,,-88,-89,-89,-92,,,,,,,,,,-95,,-71,,,-58,-58,-90,-1759
57,Redes convergentes,-80,,-53,-49,-68,,,,-79,-79,-80,,-80,-87,,,-86,,-45,-83,,-67,,,,,,,,,,,-82,-82,,,,,,,,,,,,,-91,-68,,,-62,-62,-90,-1473
58,Redes convergentes,-79,,-50,-50,-68,,,,-80,-81,-78,,-78,-85,,,-86,,-42,-83,,-64,,,,,,,,,,,-82,-81,,,,,,,,,,,,-95,-93,-69,,,-62,-62,-90,-1558
59,Redes convergentes,-81,,-50,-50,-68,,,,-81,-82,-78,,-78,-85,,,-89,,-47,-83,,-61,,,,,,,,,,,-86,-85,-91,,,,,,,,,,,-95,-92,-69,,,-62,-62,-90,-1665
60,Redes convergentes,-76,,-50,-46,-67,-94,,,-88,-87,-75,,-78,-84,,,-90,,-43,-87,,-66,,,,,,,,,,,-85,-85,-89,,,,,,,,,,,-96,-93,-69,,,-61,-61,-90,-1760
61,Fibras ópticas,-72,,-66,-50,-63,,,,-87,-87,-74,,-78,-86,,,-89,,-45,-76,,-66,,,,,,,,,,,-85,-86,-81,-81,,,,,,,,,,-89,-92,-91,,,-67,-67,-84,-1762
62,Fibras ópticas,-78,,-69,-49,-64,,,,-84,-83,-77,,-75,-92,,,-84,,-39,-80,,-74,,,,,,,,,,,-87,-88,-83,-83,,,,,,,,,,-90,-93,-89,,,-71,-71,-86,-1789
63,Fibras ópticas,-72,,-67,-48,-69,,,,-80,-80,-78,,-78,-80,,,-85,,-40,-76,,-70,,,,,,,-93,,,,-84,-83,-82,-82,,,,,,,,,,-91,-93,-86,,,-65,-66,-88,-1836
64,Fibras ópticas,-81,,-56,-47,-67,,,,-81,-81,-76,,-81,-85,,,-87,,-41,-75,,-70,,,,,,,-90,-90,,,-83,-83,-85,-85,,,,,,,,,,-89,-91,-88,,,-66,-66,-88,-1932
65,Fibras ópticas,-81,,-63,-48,-67,,,,-83,-83,-68,,-79,-87,,,-88,,-40,-78,,-70,-91,-89,,,,,,,,,-85,-85,-86,-88,,,,,,,,,,-90,-97,-86,,,-66,-67,-87,-1952
66,Pesquisa Eng elétrica,-49,,-66,-74,-40,-95,,,,,-84,,-73,,,,-74,,-56,-79,,-77,,,,,,,-89,-90,,,-88,-87,-82,-83,,-90,,,,,,,,-87,-90,-85,,,-86,-86,-86,-1896
67,Pesquisa Eng elétrica,-50,,-66,-69,-42,,,,,,-86,,-71,,,,-80,,-59,-73,,-73,,,,,,,-88,-88,,,-86,-85,-82,-83,-86,-87,,,,,,,,-78,-89,-86,,,-82,-81,-89,-1859
68,Pesquisa Eng elétrica,-50,,-67,-71,-41,,,,,,-77,,-73,,,,-87,,-59,-73,,-76,,,,,,,-89,-86,,,,-87,-81,-82,-87,-91,,,,,,,,-88,-86,-85,-92,,-81,-81,-89,-1879
69,Pesquisa Eng elétrica,-51,,-68,-69,-39,,,,,,-81,,-71,,,,-88,,-57,-73,,-73,,,,,,,-89,-88,,,-86,-87,-81,-81,-88,-87,,,,,,,,-81,-89,-89,-94,,-83,-82,-89,-1964
70,Pesquisa Eng elétrica,-51,,-70,-69,-41,,,,,,-78,,-70,,,,-88,,-58,-74,,-74,,,,,,,-88,-88,,,-87,-84,-81,-80,-87,-87,,,,,,,,-87,-88,-91,-94,,-84,-83,-89,-1971
71,Práticas didáticas,-60,,-76,-72,-51,,,,,,-77,,-71,-73,,,-65,,-67,-64,,-77,,,,,,,-87,-87,,,,,-76,-76,-82,-82,,,,,,,,-83,-88,-93,-90,,-89,-88,,-1774
72,Práticas didáticas,-63,,-77,-71,-50,,,,,,-74,,-70,-72,,,-66,,-63,-62,,-78,,,,,,,-86,-86,,,,,-77,-77,-81,-80,,,,,,,,-77,-94,,,,-87,-88,,-1579
73,Práticas didáticas,-60,,-75,-70,-50,,,,,,-75,,-70,-72,,,-66,,-63,-64,,-79,,,,,,,-85,-86,,,,,-76,-76,-82,-81,,,,,,,,-79,-88,,,,-87,-87,,-1571
74,Práticas didáticas,-61,,-74,-71,-51,,,,,,-76,,-68,-72,,,-67,,-65,-65,,-81,,,,,,,-84,-83,,,,,-81,-81,-84,-83,,,,,,,,-83,-90,-94,,,-88,-87,,-1689
75,Práticas didáticas,-62,,-75,-71,-50,,,,,-90,-76,,-68,-71,,,-67,,-67,-65,,-79,,,,,,,-85,-85,,,,,-82,-81,-83,-82,,,,,,,,-78,-90,-95,,,,,-94,-1696